ZaZulu1CS001,Zu63,16129A 16187T 16189C 16223T 16230G 16239T 16243C 16294T 16311C 16320T 16519C 73G 146C 152C 195C 247A 498d
ZaZulu1CS002,Zu58,16189C 16192T 16223T 16278T 16294T 16309G 16390A 16519C 73G 146C 152C 195C 263G
ZaZulu1CS003,Zu57,16129A 16148T 16166G 16183d 16187T 16189C 16192T 16223T 16278T 16311C 16355T 16362C 73G 152C 182T 247A 263G 444G 455.1T 455.2C 523d 524d 527T
ZaZulu1CS004,Zu56,16182C 16183C 16189C 16223T 16278T 16290T 16294T 16309G 16390A 73G 146C 152C 195C 263G
ZaZulu1CS005,Zu53,16185T 16223T 16311C 16519C 73G 150T 185A 189G 263G
ZaZulu1CS006,Zu49,16129A 16148T 16168T 16172C 16187T 16188G 16189C 16223T 16230G 16278T 16293G 16311C 16320T 93G 95C 185A 189G 236C 247A 263G 523d 524d
ZaZulu1CS007,Zu46,16129A 16187T 16189C 16212G 16223T 16230G 16243C 16311C 16390A 16519C 73G 146C 152C 195C 198T 247A 498d 523d 524d 597T
ZaZulu1CS008,Zu42,16148T 16172C 16187T 16188G 16189C 16223T 16230G 16311C 16320T 16519C 64T 93G 152C 189G 204C 207A 236C 247A 263G 523d 524d
ZaZulu1CS009,Zu41,16093C 16223T 16278T 16294T 16311C 16390A 16399G 16519C 73G 143A 146C 152C 182T 195C 263G 523d 524d
ZaZulu1CS010,Zu38,16129A 16172C 16173T 16188A 16189C 16223T 16256T 16278T 16293G 16294T 16311C 16360T 16368C 16519C 73G 151T 152C 182T 186A 189G 195C 198T 247d 263G 297G 316A 523d 524d
ZaZulu1CS011,Zu37,16124C 16183C 16189C 16223T 16278T 16304C 16311C 73G 152C 195C 263G 523d 524d
ZaZulu1CS012,Zu36,16187T 16189C 16223T 16230G 16243C 16266T 16274A 16278T 16290T 16300G 16311C 16519C 73G 146C 150T 195C 247A 316A 523d 524d
ZaZulu1CS013,Zu35,16037G 16129A 16187T 16189C 16223T 16239T 16243C 16294T 16311C 16519C 73G 146C 152C 195C 247A 498d 523d 524d 573.1C
ZaZulu1CS014,Zu34,16129A 16187T 16189C 16212G 16223T 16230G 16243C 16311C 16390A 16519C 73G 146C 152C 195C 198T 247A 498d 523d 524d 597T
ZaZulu1CS015,Zu33,16129A 16187T 16189C 16223T 16239T 16243C 16294T 16311C 16519C 73G 146C 152C 195C 247A 498d 523d 524d 573.1C
ZaTswanaCS001,Tsw26,16182C 16183C 16189C 16223T 16278T 16290T 16294T 16309G 16390A 73G 146C 152C 195C 263G
ZaTswanaCS002,Tsw25,16223T 16325d 16327T 73G 150T 185A 189G 263G
ZaTswanaCS003,Tsw24,16129A 16148T 16187T 16189C 16212G 16223T 16230G 16243C 16311C 16390A 16519C 73G 146C 152C 195C 198T 247A 498d 597T
ZaTswanaCS004,Tsw23,16182C 16183C 16189C 16223T 16278T 16290T 16294T 16309G 16390A 73G 146C 152C 195C 263G
CdManyangaCS001,TM017,16223T 16327T 73G 150T 263G
CdManyangaCS002,TM016,16124C 16223T 16278T 16311C 16362C 16519C 73G 263G 523d 524d
CdManyangaCS003,TM014,16223T 16264T 16278T 16390A 73G 93G 146C 150T 152C 182T 195C 198T 263G 325T 523d 524d
CdManyangaCS004,TM013,16176T 16223T 16327T 73G 150T 200G 263G
CdManyangaCS005,TM011,16209C 16223T 16311C 16519C 73G 150T 189G 200G 263G
CdManyangaCS006,TM010,16126C 16187T 16189C 16223T 16264T 16270T 16278T 16311C 16519C 73G 152C 182T 185T 195C 247A 263G 357G 523d 524d
CdManyangaCS007,TM009,16209C 16223T 16311C 16519C 73G 150T 189G 200G 263G
CdManyangaCS008,TM008,16129A 16209C 16223T 16291T 16292T 16295T 16311C 16519C 73G 152C 189G 200G 263G 272G
CdManyangaCS009,TM006,16126C 16187T 16189C 16223T 16264T 16270T 16278T 16311C 16519C 73G 152C 182T 185T 195C 247A 263G 357G 523d 524d
CdManyangaCS010,TM005,16124C 16183C 16189C 16223T 16278T 16304C 16311C 73G 152C 263G 523d 524d
CdManyangaCS011,TM004,16172C 16183C 16189C 16223T 16320T 73G 150T 195C 263G
CdManyangaCS012,TM003,16189C 16223T 16311C 16327T 73G 150T 189G 200G 204C 263G
CdManyangaCS013,TM002,16148T 16172C 16187T 16188G 16189C 16223T 16230G 16311C 16320T 16519C 64T 93G 152C 189G 204C 207A 236C 247A 263G 523d 524d
CdManyangaCS014,TM001,16093C 16189C 16192T 16223T 16278T 16294T 16309G 16390A 16519C 73G 146C 152C 195C 263G
ZaSothoCS001,Sot69,16129A 16148T 16168T 16172C 16187T 16188G 16189C 16223T 16230G 16278T 16293G 16311C 16320T 93G 95C 185A 189G 236C 247A 263G 523d 524d
ZaSothoCS002,Sot68,16189C 16223T 16278T 16294T 16309G 16390A 16519C 73G 146C 152C 195C 263G
ZaSothoCS003,Sot67,16069T 16129A 16169T 16187T 16189C 16212G 16223T 16230G 16243C 16311C 16519C 73G 146C 152C 195C 247A 498d 523d 524d
ZaSothoCS004,Sot66,16114A 16129A 16153A 16213A 16223T 16278T 16311C 16362C 16390A 73G 146C 150T 152C 182T 183G 195C 198T 204C 263G 385G 418T 523d 524d
ZaSothoCS005,Sot65,16223T 16239T 16325d 73G 150T 185A 189G 263G
ZaSothoCS006,Sot64,16172C 16187T 16189C 16223T 16265C 16278T 16286G 16294T 16311C 16360T 16519C 16527T 73G 151T 152C 182T 186A 189C 195C 198T 247A 263G 297G 316A 385G 471C 523d 524d
ZaSothoCS007,Sot63,16182C 16183C 16189C 16223T 16278T 16290T 16294T 16309G 16390A 73G 146C 152C 195C 263G
ZaSothoCS008,Sot58,16093C 16148T 16172C 16187T 16188A 16189C 16223T 16230G 16311C 16320T 16519C 64T 93G 152C 189G 236C 247A 263G 523d 524d
ZaSothoCS009,Sot56,16051G 16114T 16189C 16192T 16223T 16293T 16311C 16316G 16355T 16362C 16399G 16519C 73G 146C 152C 195C 244G 263G 340T 523d 524d
ZaSothoCS010,Sot55,16182C 16183C 16189C 16223T 16278T 16290T 16294T 16309G 16390A 73G 146C 152C 195C 263G
ZaSothoCS011,Sot50,16185T 16223T 16234T 16390A 16519C 73G 150T 152C 189G 200G 263G
ZaSothoCS012,Sot49,16129A 16148T 16168T 16172C 16187T 16188G 16189C 16223T 16230G 16278T 16293G 16311C 16320T 93G 95C 185A 189G 236C 247A 263G 523d 524d
ZaSothoCS013,Sot48,16129A 16187T 16189C 16223T 16230G 16239T 16243C 16294T 16311C 16325C 16519C 73G 146C 152C 195C 241G 247A 498d
ZaSothoCS014,Sot47,16129A 16145A 16187T 16189C 16212G 16223T 16230G 16243C 16311C 16390A 16519C 16524G 73G 146C 152C 195C 198T 247A 498d 523d 524d 597T
BwGuiGanaKgalagariCS001,SK125,16167T 16187T 16189C 16223T 16230G 16234T 16242T 16243C 16311C 16519C 73G 146C 152C 195C 198T 247A 456T 498d 523d 524d
BwGuiGanaKgalagariCS002,SK124,16167T 16187T 16189C 16223T 16230G 16234T 16242T 16243C 16311C 16519C 73G 146C 152C 195C 198T 247A 456T 498d 523d 524d
BwGuiGanaKgalagariCS003,SK121,16167T 16187T 16189C 16223T 16230G 16234T 16242T 16243C 16311C 16519C 73G 146C 152C 195C 198T 247A 456T 498d 523d 524d
BwGuiGanaKgalagariCS004,SK120,16069T 16126C 16129A 16169T 16182C 16183C 16189C 16212G 16223T 16230G 16243C 16258C 16291T 16311C 16519C 73G 146C 247A 265C 498d 523d 524d 573.1C
BwGuiGanaKgalagariCS005,SK118,16187T 16189C 16223T 16230G 16234T 16242T 16243C 16311C 16519C 73G 114A 146C 152C 195C 247A 456T 498d 523d 524d
BwGuiGanaKgalagariCS006,SK117,16187T 16189C 16223T 16230G 16234T 16243C 16249C 16311C 16519C 73G 146C 152C 195C 247A 456T 498d
BwGuiGanaKgalagariCS007,SK116,16187T 16189C 16223T 16230G 16234T 16242T 16243C 16311C 16519C 73G 114A 146C 152C 195C 247A 456T 498d 523d 524d
BwGuiGanaKgalagariCS008,SK110,16167T 16187T 16189C 16223T 16230G 16234T 16242T 16243C 16311C 16519C 73G 146C 152C 195C 198T 247A 294C 456T 498d 523d 524d
BwGuiGanaKgalagariCS009,SK109,16051G 16129A 16187T 16189C 16230G 16234T 16243C 16266G 16311C 16320T 16519C 73G 146C 195C 199C 247A 498d 524T
BwGuiGanaKgalagariCS010,SK108,16167T 16187T 16189C 16223T 16230G 16234T 16242T 16243C 16311C 16519C 73G 146C 152C 195C 198T 247A 456T 498d 523d 524d
BwGuiGanaKgalagariCS011,SK102,16129A 16172C 16187T 16189C 16223T 16230G 16239T 16243C 16294T 16311C 16320T 16519C 73G 146C 152C 195C 247A 498d
BwGuiGanaKgalagariCS012,SK101,16129A 16187T 16189C 16214T 16223T 16265C 16278T 16286A 16291T 16294T 16311C 16360T 16519C 16527T 73G 151T 152C 182T 186A 189C 195C 198T 247A 263G 297G 316A 513A
BwGuiGanaKgalagariCS013,SK098,16187T 16189C 16223T 16230G 16234T 16242T 16243C 16311C 16519C 73G 114A 146C 152C 195C 247A 456T 498d 523d 524d
BwGuiGanaKgalagariCS014,SK092,16129A 16187T 16189C 16214T 16223T 16265C 16278T 16286A 16291T 16294T 16311C 16360T 16519C 16527T 73G 151T 152C 182T 186A 189C 195C 198T 247A 263G 297G 316A 513A
BwGuiGanaKgalagariCS015,SK088,16051G 16129A 16187T 16189C 16230G 16234T 16243C 16266G 16311C 16320T 16519C 73G 146C 195C 199C 247A 498d 524T
BwGuiGanaKgalagariCS016,SK081,16187T 16189C 16223T 16230G 16234T 16242T 16243C 16311C 16519C 73G 114A 146C 152C 195C 247A 456T 498d 523d 524d
BwGuiGanaKgalagariCS017,SK073,16129A 16172C 16187T 16189C 16223T 16230G 16239T 16243C 16294T 16311C 16320T 16519C 73G 146C 152C 195C 247A 498d
BwGuiGanaKgalagariCS018,SK062,16167T 16187T 16189C 16223T 16230G 16234T 16242T 16243C 16311C 16519C 73G 146C 152C 195C 198T 247A 456T 498d 523d 524d
BwGuiGanaKgalagariCS019,SK021,16167T 16187T 16189C 16223T 16230G 16234T 16242T 16243C 16311C 16519C 73G 146C 152C 195C 198T 247A 456T 498d 523d 524d
BwGuiGanaKgalagariCS020,SK013,16167T 16187T 16189C 16223T 16230G 16234T 16242T 16243C 16311C 16519C 73G 146C 152C 195C 198T 247A 294C 456T 498d 523d 524d
BwGuiGanaKgalagariCS021,SK009,16187T 16189C 16223T 16230G 16234T 16242T 16243C 16311C 16519C 73G 114A 146C 152C 195C 247A 456T 498d 523d 524d
BwGuiGanaKgalagariCS022,SK002,16187T 16189C 16223T 16230G 16234T 16242T 16243C 16311C 16519C 73G 114A 146C 152C 195C 247A 456T 498d 523d 524d
ZaAfrikanerCS001,RMN,16093C 16223T 16519C 73G 199C 263G 482C 489C
AoXunCS001,OM150,16086C 16129A 16187T 16189C 16223T 16230G 16243C 16261G 16311C 16355T 16519C 73G 146C 152C 195C 247A 294A 408A 498d 523d 524d
AoXunCS002,OM148,16166C 16172C 16187T 16189C 16209C 16214T 16223T 16230G 16278T 16291G 16311C 16519C 73G 146C 152C 189G 195C 198T 207A 247A 523d 524d
AoXunCS003,OM145,16167T 16187T 16189C 16223T 16230G 16234T 16242T 16243C 16311C 16519C 73G 146C 152C 195C 198T 247A 456T 498d 523d 524d
AoXunCS004,OM143,16129A 16187T 16189C 16212G 16223T 16230G 16243C 16266T 16311C 16390A 16519C 73G 146C 152C 195C 198T 247A 498d 523d 524d 597T
AoXunCS005,OM142,16129A 16172C 16187T 16189C 16212G 16223T 16230G 16243C 16311C 16390A 16519C 73G 146C 152C 195C 198T 247A 498d 523d 524d 597T
AoXunCS006,OM141,16129A 16187T 16189C 16212G 16223T 16230G 16243C 16311C 16390A 16519C 73G 146C 152C 195C 198T 247A 498d 523d 524d 597T
AoXunCS007,OM139,16167T 16187T 16189C 16223T 16230G 16234T 16242T 16243C 16311C 16519C 73G 146C 152C 195C 198T 247A 456T 498d 523d 524d
AoXunCS008,OM138,16129A 16187T 16189C 16212G 16223T 16230G 16243C 16311C 16390A 16519C 73G 146C 152C 195C 198T 247A 498d 523d 524d 597T
AoXunCS009,OM136,16167T 16187T 16189C 16223T 16230G 16234T 16242T 16243C 16311C 16497G 16519C 73G 146C 152C 195C 198T 247A 456T 498d 523d 524d
AoXunCS010,OM135,16167T 16187T 16189C 16223T 16230G 16234T 16242T 16243C 16311C 16519C 73G 146C 152C 195C 198T 247A 456T 498d 523d 524d
AoXunCS011,OM132,16166C 16172C 16189C 16209C 16214T 16223T 16230G 16278T 16291G 16311C 16519C 73G 146C 152C 189G 195C 198T 204C 207A 247A 523d 524d
AoXunCS012,OM128,16129A 16189C 16223T 16230G 16239T 16243C 16294T 16311C 16519C 73G 146C 152C 195C 247A 498d
AoXunCS013,OM126,16129A 16179T 16187T 16189C 16223T 16230G 16243C 16311C 16519C 73G 146C 152C 188G 195C 247A 498d
AoXunCS014,OM124,16093C 16187T 16189C 16223T 16230G 16234T 16243C 16311C 16519C 73G 146C 152C 195C 247A 265C 456T 498d 523d 524d
AoXunCS015,OM120,16167T 16187T 16189C 16223T 16230G 16234T 16240C 16242T 16243C 16311C 16497G 16519C 73G 146C 152C 195C 198T 247A 456T 498d 523d 524d
AoXunCS016,OM117,16166C 16172C 16189C 16209C 16214T 16223T 16230G 16278T 16291G 16311C 16519C 73G 146C 152C 189G 195C 198T 204C 207A 247A 523d 524d
AoXunCS017,OM116,16124C 16183C 16189C 16223T 16278T 16304C 16311C 16519C 73G 152C 195C 263G 523d 524d
AoXunCS018,OM111,16167T 16187T 16189C 16223T 16230G 16234T 16242T 16243C 16311C 16519C 73G 146C 152C 195C 198T 247A 456T 498d 523d 524d 593C
AoXunCS019,OM108,16167T 16187T 16189C 16223T 16230G 16234T 16242T 16243C 16311C 16519C 73G 146C 152C 195C 198T 247A 456T 498d 523d 524d 593C
AoXunCS020,OM103,16167T 16187T 16189C 16223T 16230G 16234T 16242T 16243C 16311C 16519C 73G 146C 152C 195C 198T 247A 456T 498d 523d 524d
AoXunCS021,OM098,16187T 16189C 16223T 16230G 16243C 16274A 16278T 16290T 16311C 16519C 73G 146C 150T 152C 195C 247A 316A 523d 524d
AoXunCS022,OM072,16166C 16172C 16187T 16189C 16209C 16214T 16223T 16230G 16278T 16291A 16311C 16519C 73G 146C 152C 189G 195C 198T 207A 247A 523d 524d
AoXunCS023,OM070,16093C 16187T 16189C 16223T 16230G 16234T 16243C 16311C 16519C 73G 146C 152C 195C 247A 265C 456T 498d 523d 524d
AoXunCS024,OM066,16167T 16187T 16189C 16223T 16230G 16234T 16242T 16243C 16311C 16519C 73G 146C 152C 195C 198T 247A 456T 498d 523d 524d
AoXunCS025,OM060,16166C 16172C 16187T 16189C 16209C 16214T 16223T 16230G 16278T 16291G 16311C 16519C 73G 146C 152C 189G 195C 198T 207A 247A 523d 524d
AoXunCS026,OM056,16182C 16183C 16189C 16223T 16278T 16290T 16294T 16309G 16390A 16519C 73G 146C 152C 195C 263G
NaKhweCS001,OM038,16166C 16172C 16187T 16189C 16209C 16214T 16223T 16230G 16278T 16291G 16311C 16519C 73G 146C 152C 189G 195C 198T 247A 523d 524d
NaKhweCS002,OM028,16114A 16129A 16213A 16223T 16278T 16284G 16355T 16362C 16390A 73G 150T 151T 152C 182T 186A 195C 198T 204C 263G 418T 523d 524d
NaNamaCS001,NA65,16187T 16189C 16212G 16223T 16230G 16243C 16311C 16390A 16519C 73G 146C 152C 195C 198T 247A 498d 523d 524d 573.1C 597T
NaNamaCS002,NA60,16093C 16129A 16187T 16189C 16209C 16230G 16234T 16243C 16266A 16311C 16519C 73G 146C 153G 195C 199C 247A 498d
NaNamaCS003,NA56,16166C 16172C 16187T 16189C 16209C 16214T 16223T 16230G 16278T 16291G 16311C 16519C 73G 146C 152C 189G 195C 198T 207A 247A 523d 524d
NaNamaCS004,NA55,16129A 16187T 16189C 16212G 16223T 16230G 16243C 16260T 16311C 16390A 16519C 73G 146C 152C 195C 198T 247A 498d 523d 524d 597T
NaNamaCS005,NA50,16129A 16187T 16189C 16212G 16223T 16230G 16243C 16311C 16390A 16519C 73G 146C 152C 195C 198T 247A 498d 523d 524d 597T
NaNamaCS006,NA49,16129A 16153A 16187T 16189C 16223T 16230G 16243C 16294T 16311C 16474T 16519C 73G 146C 152C 195C 247A 498d
NaNamaCS007,NA48,16129A 16182C 16183C 16189C 16215G 16223T 16278T 16294T 16311C 16360T 16519C 73G 152C 182T 186A 189C 247A 263G 316A 523d 524d 573.1C
NaNamaCS008,NA47,16129A 16140C 16187T 16189C 16223T 16239T 16243C 16294T 16311C 16519C 73G 146C 152C 195C 247A 498d 523d 524d 573.1C
NaNamaCS009,NA43,16129A 16187T 16189C 16223T 16230G 16243C 16311C 16519C 73G 146C 152C 195C 247A 294A 498d
NaNamaCS010,NA42,16124C 16183C 16189C 16223T 16278T 16304C 16311C 73G 152C 263G 523d 524d
NaNamaCS011,NA41,16111T 16129A 16148T 16166G 16187T 16189C 16223T 16254G 16278T 16311C 16360T 73G 152C 182T 195C 247A 263G 459.1C 523d 524d
NaNamaCS012,NA38,16129A 16187T 16189C 16230G 16243C 16311C 16519C 73G 94A 146C 195C 247A 294A 498d 523d 524d
NaNamaCS013,NA37,16129A 16187T 16189C 16223T 16239T 16243C 16294T 16311C 16519C 16527T 73G 146C 152C 195C 247A 498d 573.1C
NaNamaCS014,NA36,16129A 16187T 16189C 16223T 16230G 16243C 16311C 16519C 73G 94A 146C 195C 247A 294A 498d 523d 524d
NaNamaCS015,NA32,16129A 16187T 16189C 16218T 16223T 16239T 16243C 16294T 16311C 16519C 73G 146C 152C 195C 247A 498d 523d 524d 573.1C
NaNamaCS016,NA30,16167T 16187T 16189C 16223T 16230G 16234T 16242T 16243C 16311C 16519C 73G 146C 152C 195C 198T 247A 456T 498d 502T 523d 524d
NaNamaCS017,NA27,16124C 16183C 16189C 16223T 16278T 16304C 16311C 73G 152C 263G 523d 524d
NaNamaCS018,NA26,16069T 16129A 16169T 16187T 16189C 16212G 16223T 16230G 16243C 16311C 16519C 73G 146C 152C 195C 247A 498d 523d 524d
NaNamaCS019,NA25,16129A 16187T 16189C 16212G 16223T 16230G 16243C 16311C 16390A 16519C 73G 146C 152C 195C 198T 247A 498d 523d 524d 597T
NaNamaCS020,NA23,16129A 16145A 16187T 16189C 16212G 16223T 16230G 16243C 16264T 16311C 16390A 16519C 73G 146C 152C 195C 198T 247A 498d 523d 524d 597T
NaNamaCS021,NA22,16129A 16187T 16189C 16218T 16223T 16239T 16243C 16294T 16311C 16519C 73G 146C 152C 195C 247A 498d 523d 524d 573.1C
NaNamaCS022,NA21,16166C 16172C 16187T 16189C 16209C 16214T 16223T 16230G 16278T 16291G 16311C 16519C 73G 146C 152C 189G 195C 198T 204C 207A 247A 523d 524d
NaNamaCS023,NA20,16129A 16187T 16189C 16212G 16223T 16243C 16311C 16390A 16519C 73G 146C 152C 195C 198T 247A 390G 498d 523d 524d 597T
NaNamaCS024,NA19,16129A 16187T 16189C 16223T 16230G 16243C 16311C 16519C 73G 146C 152C 195C 247A 294A 498d
NaNamaCS025,NA13,16129A 16187T 16189C 16223T 16230G 16239T 16243C 16294T 16311C 16519C 73G 146C 152C 247A 498d
NaNamaCS026,NA11,16124C 16183C 16189C 16223T 16278T 16304C 16311C 73G 152C 263G 523d 524d
NaNamaCS027,NA08,16187T 16189C 16223T 16230G 16243C 16274A 16278T 16290T 16311C 16519C 73G 146C 150T 195C 247A 316A 523d 524d
NaNamaCS028,NA04,16209C 16223T 16311C 16519C 73G 150T 189G 200G 207A 263G
ZaIndianCS001,MLD211,16223T 16519C 73G 263G 489C 523d 524d
ZaIndianCS002,MLD180,16223T 16295T 16519C 73G 194T 263G 489C
ZaIndianCS003,MLD170,16051G 16093A 16154C 16206C 16230G 16311C 73G 263G 472G
ZaEuropeanCS001,KZU161,16239T 16519C 263G
ZaEuropeanCS002,KZU160,16069T 16126C 16519C 73G 146C 185A 188G 198T 263G 295T 462T 489C
ZaEuropeanCS003,KZU159,16183C 16189C 16319A 16356C 16519C 263G
ZaEuropeanCS004,KZU120,16069T 16093C 16126C 73G 263G 295T 462T 489C 524.1A 524.2C
ZaEuropeanCS005,KZU118,16519C 263G
ZaZulu2CS001,KZU114,16129A 16187T 16189C 16212G 16223T 16230G 16243C 16311C 16390A 16519C 73G 146C 152C 188G 195C 198T 247A 498d 523d 524d 597T
ZaZulu2CS002,KZU113,16182C 16183C 16189C 16223T 16278T 16290T 16294T 16309G 16390A 73G 146C 152C 195C 263G
ZaSothoCS015,KZU112,16129A 16187T 16189C 16223T 16230G 16239T 16243C 16294T 16311C 16519C 73G 146C 152C 195C 247A 498d
ZaZulu2CS003,KZU111,16129A 16179T 16187T 16189C 16212G 16223T 16230G 16243C 16311C 16390A 16519C 73G 146C 152C 195C 198T 247A 498d 523d 524d 597T
ZaDumaCS001,KZU110,16129A 16187T 16189C 16218T 16223T 16227G 16239T 16243C 16294T 16311C 16519C 73G 146C 152C 195C 247A 498d 523d 524d 573.1C
ZaSothoCS016,KZU104,16223T 16327T 16519C 73G 150T 189G 200G 263G
ZaZulu2CS004,KZU073,16129A 16189C 16212G 16223T 16230G 16243C 16311C 16390A 16519C 73G 146C 152C 195C 198T 247A 498d 523d 524d 597T
ZaZulu2CS005,KZU070,16093C 16129A 16187T 16189C 16223T 16230G 16243C 16311C 16390A 16519C 73G 146C 152C 195C 198T 247A 498d 523d 524d 597T
ZaZulu2CS006,KZU061,16129A 16187T 16189C 16223T 16230G 16239T 16243C 16294T 16311C 16519C 73G 146C 152C 195C 247A 498d
ZaZulu2CS007,KZU059,16129A 16187T 16189C 16212G 16223T 16230G 16243C 16311C 16390A 16519C 73G 146C 152C 195C 198T 247A 498d 523d 524d 597T
ZaZulu2CS008,KZU055,16129A 16148T 16173T 16187T 16189C 16212G 16223T 16230G 16243C 16311C 16390A 16519C 73G 146C 152C 195C 198T 247A 498d 523d 524d 597T
ZaZulu2CS009,KZU051,16182C 16183C 16189C 16223T 16278T 16290T 16294T 16309G 16390A 73G 146C 152C 195C 263G
ZaZulu2CS010,KZU049,16209C 16223T 16311C 16519C 73G 150T 189G 200G 263G
ZaZulu2CS011,KZU045,16129A 16183C 16189C 16215G 16223T 16278T 16294T 16311C 16355T 16360T 16390A 73G 151T 152C 182T 183G 186A 189C 247A 263G 316A 523d 524d
ZaZulu2CS012,KZU034,16223T 16325d 16327T 73G 150T 185A 189G 263G
ZaZulu2CS013,KZU033,16129A 16148T 16168T 16172C 16187T 16188G 16189C 16223T 16230G 16278T 16293G 16311C 16320T 89C 93G 95C 185A 189G 236C 247A 263G 507C 523d 524d
ZaEuropeanCS006,KZU031,16069T 16126C 16138C 16519C 73G 185A 188G 228A 263G 295T 462T 489C
ZaZulu2CS014,KZU022,16187T 16189C 16223T 16230G 16243C 16274A 16278T 16290T 16311C 16519C 73G 146C 150T 152C 195C 247A 316A 523d 524d
ZaZulu2CS015,KZU018,16166C 16172C 16187T 16189C 16209C 16214T 16223T 16230G 16278T 16291G 16311C 16519C 73G 146C 152C 189G 195C 198T 207A 247A 523d 524d
ZaAfrikanerCS002,KZU011,16256T 16270T 16362C 16399G 73G 185A 189G 204C 207A 263G
ZaZulu2CS016,KZU010,16167T 16187T 16189C 16223T 16230G 16234T 16242T 16243C 16311C 16497G 16519C 73G 146C 152C 195C 198T 247A 456T 498d 523d 524d
ZaEuropeanCS007,KZU008,16093C 16221T 16519C 263G
ZaSothoCS017,KN,16124C 16223T 16319A 73G 150T 263G 523d 524d
ZaKhomaniCS001,KHO103,16129A 16187T 16189C 16192T 16223T 16239T 16243C 16294T 16311C 16519C 73G 146C 152C 195C 247A 498d 523d 524d 573.1C
ZaKhomaniCS002,KHO102,16129A 16187T 16189C 16223T 16243C 16257T 16294T 16311C 16482G 16519C 16527T 73G 146C 152C 195C 247A 498d 573.1C
ZaNorthCapeColoured1CS001,KHO100,16129A 16187T 16189C 16223T 16230G 16239T 16243C 16294T 16311C 16325C 16519C 73G 146C 152C 195C 247A 498d
ZaKhomaniCS003,KHO099,16129A 16187T 16189C 16212G 16223T 16230G 16243C 16311C 16362C 16390A 16519C 73G 146C 152C 195C 198T 247A 498d 523d 524d 597T
ZaKhomaniCS004,KHO098,16129A 16187T 16189C 16212G 16223T 16230G 16243C 16311C 16362C 16390A 16519C 73G 146C 152C 195C 198T 247A 498d 523d 524d 597T
ZaKhomaniCS005,KHO096,16129A 16187T 16189C 16212G 16223T 16230G 16243C 16311C 16362C 16390A 16519C 73G 146C 152C 195C 198T 247A 498d 523d 524d 597T
ZaKhomaniCS006,KHO095,16129A 16187T 16189C 16218T 16223T 16239T 16243C 16294T 16311C 16519C 73G 146C 152C 195C 247A 498d 523d 524d 573.1C
ZaKhomaniCS007,KHO094,16051G 16129A 16187T 16189C 16230G 16234T 16243C 16266G 16291T 16311C 16519C 73G 146C 195C 199C 207A 247A 498d
ZaKhomaniCS008,KHO093,16129A 16187T 16189C 16223T 16230G 16243C 16311C 16519C 73G 94A 146C 195C 247A 294A 498d 523d 524d
ZaKhomaniCS009,KHO092,16129A 16148T 16168T 16172C 16187T 16188G 16189C 16223T 16230G 16278T 16293G 16311C 16320T 16368C 93G 95C 185A 189G 236C 247A 263G 523d 524d
ZaKhomaniCS010,KHO091,16129A 16187T 16189C 16209C 16230G 16234T 16243C 16266A 16311C 16519C 73G 146C 153G 199C 247A 498d
ZaKhomaniCS011,KHO090,16129A 16187T 16189C 16223T 16230G 16243C 16311C 16519C 73G 94A 146C 195C 247A 294A 498d 523d 524d
ZaNorthCapeColoured3CS001,KHO089,16129A 16187T 16189C 16223T 16230G 16239T 16243C 16294T 16311C 16325C 16519C 73G 146C 152C 195C 247A 498d
ZaKhomaniCS012,KHO088,16129A 16187T 16188T 16189C 16212G 16223T 16230G 16243C 16311C 16390A 16519C 73G 146C 152C 195C 198T 247A 498d 523d 524d 597T
ZaNorthCapeColoured1CS002,KHO087,16148T 16187T 16189C 16223T 16230G 16234T 16242T 16243C 16311C 16519C 73G 146C 152C 195C 247A 456T 498d 523d 524d
ZaTswanaCS005,KHO086,16223T 16278T 16294T 16309G 16390A 16519C 64T 73G 146C 152C 195C 263G
ZaNorthCapeColoured1CS003,KHO085,16129A 16187T 16189C 16223T 16230G 16239T 16243C 16294T 16311C 16325C 16519C 73G 146C 152C 195C 247A 498d
ZaNorthCapeColoured1CS004,KHO084,16183C 16189C 16223T 16230G 16234T 16243C 16249C 16311C 16519C 73G 146C 152C 195C 247A 456T 498d
ZaNorthCapeColoured3CS002,KHO083,16172C 16223T 16293T 16311C 16327T 16355T 16362C 16399G 16519C 73G 146C 189G 244G 263G 391C
ZaNorthCapeColoured1CS005,KHO082,16086C 16111T 16129A 16187T 16189C 16230G 16234T 16243C 16266G 16294T 16311C 16519C 73G 146C 195C 247A 498d 573.1C
ZaNorthCapeColoured3CS003,KHO081,16129A 16187T 16189C 16223T 16230G 16239T 16243C 16294T 16311C 16325C 16519C 73G 146C 152C 195C 247A 498d
ZaNorthCapeColoured3CS004,KHO080,16129A 16187T 16189C 16212G 16223T 16230G 16243C 16311C 16390A 16519C 73G 146C 152C 195C 198T 247A 498d 523d 524d 597T
ZaNorthCapeColoured2CS001,KHO079,16086C 16111T 16129A 16187T 16189C 16230G 16234T 16243C 16266G 16294T 16311C 16519C 73G 146C 189G 195C 247A 498d 573.1C
ZaNorthCapeColoured2CS002,KHO078,16086C 16111T 16129A 16187T 16189C 16230G 16234T 16243C 16266G 16294T 16311C 16519C 73G 146C 189G 195C 247A 498d 573.1C
ZaKhomaniCS013,KHO077,16093C 16129A 16187T 16189C 16212G 16223T 16230G 16243C 16311C 16390A 16519C 73G 146C 152C 195C 198T 247A 498d 523d 524d 597T
ZaNorthCapeColoured1CS006,KHO076,16187T 16189C 16223T 16230G 16243C 16266T 16274A 16278T 16290T 16300G 16311C 16519C 73G 146C 150T 195C 247A 316A
ZaNorthCapeColoured2CS003,KHO075,16086C 16111T 16129A 16187T 16189C 16230G 16234T 16243C 16266G 16294T 16311C 16519C 73G 146C 195C 247A 498d 573.1C
ZaNorthCapeColoured1CS007,KHO074,16129A 16187T 16189C 16212G 16223T 16230G 16243C 16311C 16390A 16519C 73G 146C 152C 195C 198T 247A 498d 523d 524d 597T
ZaNorthCapeColoured2CS004,KHO073,16129A 16187T 16189C 16212G 16223T 16230G 16243C 16311C 16390A 16519C 73G 146C 152C 195C 198T 247A 291.1A 498d 523d 524d 597T
ZaNorthCapeColoured1CS008,KHO072,16129A 16187T 16189C 16212G 16223T 16230G 16243C 16311C 16390A 16519C 73G 146C 152C 195C 198T 247A 498d 523d 524d 597T
ZaNorthCapeColoured2CS005,KHO071,16129A 16187T 16189C 16218T 16223T 16239T 16243C 16294T 16311C 16519C 73G 146C 152C 195C 247A 498d 523d 524d 573.1C
ZaNorthCapeColoured3CS005,KHO070,16129A 16187T 16189C 16212G 16223T 16230G 16243C 16311C 16390A 16519C 73G 146C 152C 195C 198T 247A 498d 523d 524d 597T
ZaNorthCapeColoured3CS006,KHO069,16081G 16129A 16187T 16189C 16223T 16230G 16243C 16311C 16519C 73G 94A 146C 195C 247A 294A 498d 523d 524d
ZaNorthCapeColoured3CS007,KHO068,16148T 16187T 16189C 16223T 16230G 16234T 16242T 16243C 16311C 16519C 73G 146C 152C 195C 247A 456T 498d 523d 524d
ZaNorthCapeColoured2CS006,KHO067,16187T 16189C 16223T 16230G 16243C 16266T 16274A 16278T 16290T 16300G 16311C 16519C 73G 146C 150T 195C 247A 316A
ZaKhomaniCS014,KHO066,16129A 16187T 16189C 16223T 16243C 16257T 16294T 16311C 16482G 16519C 16527T 73G 146C 152C 195C 236C 247A 498d 573.1C
ZaNorthCapeColoured2CS007,KHO065,16129A 16187T 16189C 16223T 16230G 16239T 16243C 16294T 16311C 16519C 73G 146C 152C 195C 247A 498d
ZaNorthCapeColoured1CS009,KHO064,16223T 16519C 73G 151T 152C 239C 249d 263G 489C
ZaNorthCapeColoured1CS010,KHO063,16129A 16187T 16189C 16192T 16223T 16239T 16271C 16294T 16311C 16519C 73G 146C 152C 195C 247A 498d 523d 524d 573.1C
ZaNorthCapeColoured1CS011,KHO062,16148T 16187T 16189C 16223T 16230G 16234T 16242T 16243C 16311C 16519C 73G 146C 152C 195C 247A 456T 498d 523d 524d
ZaNorthCapeColoured1CS012,KHO061,16129A 16187T 16189C 16212G 16223T 16230G 16243C 16311C 16390A 16519C 73G 146C 152C 195C 198T 247A 498d 523d 524d 597T
ZaNorthCapeColoured1CS013,KHO060,16129A 16187T 16189C 16192T 16223T 16239T 16243C 16294T 16311C 16519C 73G 146C 152C 195C 247A 498d 523d 524d 573.1C
ZaNorthCapeColoured2CS008,KHO059,16187T 16189C 16223T 16230G 16243C 16274A 16278T 16290T 16311C 16519C 73G 146C 150T 195C 247A 316A 523d 524d
ZaNorthCapeColoured2CS009,KHO058,16129A 16187T 16189C 16212G 16223T 16230G 16243C 16311C 16390A 16519C 73G 146C 152C 195C 198T 247A 498d 523d 524d 597T
ZaNorthCapeColoured1CS014,KHO057,16129A 16187T 16189C 16212G 16223T 16230G 16243C 16311C 16390A 16519C 73G 146C 152C 195C 198T 247A 498d 523d 524d 597T
ZaNorthCapeColoured1CS015,KHO056,16129A 16189C 16212G 16223T 16230G 16243C 16311C 16390A 16519C 73G 146C 152C 195C 198T 247A 463T 498d 523d 524d 597T
ZaKhomaniCS015,KHO055,16129A 16153A 16187T 16189C 16223T 16230G 16243C 16294T 16311C 16474T 16519C 73G 146C 195C 247A 498d
ZaNorthCapeColoured1CS016,KHO054,16167T 16187T 16189C 16223T 16230G 16234T 16242T 16243C 16311C 16519C 73G 146C 152C 195C 198T 247A 456T 498d 523d 524d
ZaKhomaniCS016,KHO053,16129A 16187T 16189C 16212G 16223T 16230G 16243C 16311C 16362C 16390A 16519C 73G 146C 152C 195C 198T 247A 498d 523d 524d 597T
ZaNorthCapeColoured2CS010,KHO052,16069T 16126C 16129A 16169T 16182C 16183C 16189C 16212G 16223T 16230G 16243C 16258C 16291T 16311C 16519C 73G 146C 195C 247A 265C 498d 523d 524d 573.1C
ZaKhomaniCS017,KHO051,16129A 16187T 16189C 16223T 16230G 16243C 16311C 16519C 73G 94A 146C 195C 247A 294A 498d 523d 524d
ZaKhomaniCS018,KHO050,16129A 16187T 16189C 16223T 16230G 16243C 16311C 16519C 73G 94A 146C 195C 247A 294A 498d 523d 524d
ZaKhomaniCS019,KHO049,16129A 16187T 16189C 16223T 16230G 16243C 16311C 16519C 73G 94A 146C 195C 247A 294A 498d 523d 524d
ZaNorthCapeColoured1CS017,KHO048,16129A 16187T 16189C 16212G 16223T 16230G 16243C 16311C 16390A 16519C 73G 146C 152C 195C 198T 247A 498d 523d 524d 597T
ZaKhomaniCS020,KHO047,16129A 16187T 16189C 16223T 16243C 16257T 16294T 16311C 16482G 16519C 16527T 73G 146C 152C 195C 247A 498d 573.1C
ZaKhomaniCS021,KHO046,16129A 16187T 16189C 16223T 16230G 16239T 16243C 16294T 16311C 16519C 73G 146C 152C 195C 247A 498d
ZaKhomaniCS022,KHO045,16129A 16187T 16189C 16223T 16230G 16239T 16243C 16294T 16311C 16325C 16519C 73G 146C 152C 195C 247A 498d
ZaKhomaniCS023,KHO044,16148T 16187T 16189C 16223T 16230G 16234T 16242T 16243C 16311C 16519C 73G 146C 152C 195C 247A 456T 498d 523d 524d
ZaKhomaniCS024,KHO043,16129A 16187T 16189C 16230G 16234T 16243C 16266A 16311C 16519C 73G 146C 195C 199C 247A 498d
ZaKhomaniCS025,KHO042,16129A 16187T 16189C 16223T 16230G 16239T 16243C 16294T 16311C 16519C 73G 146C 152C 195C 247A 498d
ZaKhomaniCS026,KHO041,16148T 16187T 16189C 16223T 16230G 16234T 16242T 16243C 16311C 16519C 73G 146C 152C 195C 247A 456T 498d 523d 524d
ZaNorthCapeColoured1CS018,KHO040,16187T 16189C 16214T 16223T 16230G 16243C 16274A 16278T 16290T 16300G 16311C 16519C 73G 146C 150T 195C 247A 316A
ZaKhomaniCS027,KHO039,16129A 16187T 16189C 16212G 16223T 16230G 16243C 16311C 16362C 16390A 16519C 73G 146C 152C 195C 198T 247A 498d 523d 524d 597T
ZaKhomaniCS028,KHO038,16129A 16187T 16189C 16212G 16223T 16230G 16243C 16311C 16390A 16519C 73G 146C 152C 195C 198T 247A 498d 523d 524d 597T
ZaNorthCapeColoured1CS019,KHO037,16129A 16187T 16189C 16212G 16223T 16230G 16243C 16311C 16390A 16519C 73G 146C 152C 195C 198T 247A 498d 523d 524d 597T
ZaKhomaniCS029,KHO036,16129A 16187T 16189C 16209C 16230G 16234T 16243C 16266A 16311C 16362C 16519C 73G 146C 153G 195C 199C 247A 498d
ZaKhomaniCS030,KHO035,16129A 16187T 16189C 16212G 16223T 16230G 16243C 16311C 16362C 16390A 16519C 73G 146C 152C 195C 198T 247A 498d 523d 524d 597T
ZaKhomaniCS031,KHO034,16129A 16187T 16189C 16192T 16223T 16239T 16243C 16294T 16311C 16519C 73G 146C 152C 195C 247A 498d 523d 524d 573.1C
ZaNorthCapeColoured2CS011,KHO033,16093C 16129A 16187T 16189C 16212G 16223T 16230G 16243C 16311C 16390A 16519C 73G 146C 152C 195C 198T 247A 498d 523d 524d 597T
ZaKhomaniCS032,KHO032,16129A 16140C 16187T 16189C 16223T 16239T 16243C 16294T 16311C 16519C 73G 146C 152C 195C 247A 498d 523d 524d 573.1C
ZaKhomaniCS033,KHO031,16129A 16187T 16189C 16212G 16223T 16230G 16243C 16311C 16362C 16390A 16519C 73G 146C 152C 195C 198T 247A 498d 523d 524d 597T
ZaKhomaniCS034,KHO030,16167T 16187T 16189C 16223T 16230G 16234T 16242T 16243C 16311C 16519C 73G 146C 152C 195C 198T 247A 456T 498d 523d 524d
ZaNorthCapeColoured1CS020,KHO029,16051G 16129A 16187T 16189C 16230G 16234T 16243C 16266G 16291T 16311C 16519C 73G 146C 195C 199C 207A 247A 498d
ZaNorthCapeColoured3CS008,KHO028,16129A 16187T 16189C 16192T 16230G 16234T 16243C 16266G 16311C 16519C 73G 146C 195C 198T 199C 247A 498d
ZaKhomaniCS035,KHO027,16129A 16187T 16189C 16209C 16230G 16234T 16243C 16266A 16311C 16362C 16519C 73G 146C 153G 195C 199C 247A 498d
ZaKhomaniCS036,KHO025,16129A 16187T 16189C 16212G 16223T 16230G 16243C 16311C 16390A 16519C 73G 146C 152C 195C 198T 247A 498d 523d 524d 597T
ZaKhomaniCS037,KHO024,16129A 16187T 16189C 16223T 16243C 16257T 16294T 16311C 16482G 16519C 16527T 73G 146C 152C 195C 236C 247A 498d 573.1C
ZaNorthCapeColoured3CS009,KHO022,16192T 16291T 16294T 16311C 16390A 16519C 73G 263G
ZaKhomaniCS038,KHO021,16129A 16187T 16189C 16212G 16223T 16230G 16243C 16311C 16320T 16390A 16519C 73G 146C 195C 198T 247A 498d 523d 524d 597T
ZaKhomaniCS039,KHO020,16051G 16129A 16187T 16189C 16230G 16234T 16243C 16266G 16291T 16311C 16519C 73G 146C 195C 199C 207A 247A 498d
ZaKhomaniCS040,KHO019,16129A 16187T 16189C 16212G 16223T 16230G 16243C 16311C 16390A 16519C 73G 146C 152C 195C 198T 247A 498d 523d 524d 597T
ZaKhomaniCS041,KHO018,16167T 16187T 16189C 16223T 16230G 16234T 16242T 16243C 16311C 16519C 73G 146C 152C 195C 198T 247A 456T 498d 523d 524d
ZaKhomaniCS042,KHO017,16129A 16187T 16189C 16223T 16230G 16239T 16243C 16294T 16311C 16519C 73G 146C 152C 195C 247A 498d
ZaKhomaniCS043,KHO015,16129A 16187T 16189C 16223T 16243C 16257T 16294T 16311C 16482G 16519C 16527T 73G 146C 152C 195C 247A 498d 573.1C
ZaKhomaniCS044,KHO014,16129A 16187T 16189C 16212G 16223T 16230G 16243C 16311C 16320T 16390A 16519C 73G 146C 195C 198T 247A 498d 523d 524d 597T
ZaKhomaniCS045,KHO013,16129A 16187T 16189C 16223T 16230G 16243C 16311C 16519C 73G 94A 146C 195C 247A 294A 498d 523d 524d
ZaKhomaniCS046,KHO012,16129A 16187T 16189C 16209C 16230G 16234T 16243C 16266A 16311C 16362C 16519C 73G 146C 153G 195C 199C 247A 498d
ZaKhomaniCS047,KHO011,16129A 16187T 16189C 16230G 16234T 16243C 16266A 16311C 16519C 73G 146C 195C 199C 247A 498d
ZaKhomaniCS048,KHO010,16129A 16187T 16189C 16230G 16234T 16243C 16266A 16311C 16519C 73G 146C 188G 195C 199C 206C 247A 498d
ZaKhomaniCS049,KHO009,16129A 16187T 16189C 16218T 16223T 16239T 16243C 16294T 16311C 16519C 73G 146C 152C 195C 247A 498d 523d 524d 573.1C
ZaKhomaniCS050,KHO008,16129A 16187T 16189C 16209C 16230G 16234T 16243C 16266A 16311C 16362C 16519C 73G 146C 153G 195C 199C 247A 498d
ZaKhomaniCS051,KHO006,16129A 16187T 16189C 16212G 16223T 16230G 16243C 16311C 16362C 16390A 16519C 73G 146C 152C 195C 198T 247A 498d 523d 524d 597T
ZaKhomaniCS052,KHO005,16129A 16187T 16189C 16223T 16230G 16243C 16311C 16519C 73G 94A 146C 195C 247A 294A 498d 523d 524d
ZaKhomaniCS053,KHO004,16129A 16187T 16189C 16212G 16223T 16230G 16243C 16311C 16390A 16519C 73G 146C 152C 195C 198T 247A 498d 523d 524d 597T
ZaKhomaniCS054,KHO003,16129A 16187T 16189C 16212G 16223T 16230G 16243C 16311C 16320T 16390A 16519C 73G 146C 195C 198T 247A 498d 523d 524d 597T
ZaKhomaniCS055,KHO001,16129A 16187T 16189C 16212G 16223T 16230G 16243C 16311C 16320T 16390A 16519C 73G 146C 195C 198T 247A 498d 523d 524d 597T
BwNaroCS001,KAL001,16167T 16187T 16189C 16223T 16230G 16234T 16242T 16243C 16311C 16519C 73G 146C 152C 195C 198T 247A 456T 498d 523d 524d
NaJuhoansiCS001,JR412,16129A 16187T 16189C 16223T 16230G 16239T 16243C 16294T 16311C 16519C 73G 146C 195C 247A 498d
NaJuhoansiCS002,JR402,16166C 16172C 16187T 16189C 16209C 16214T 16223T 16230G 16278T 16291G 16311C 16519C 73G 146C 152C 189G 195C 198T 207A 247A 523d 524d
NaJuhoansiCS003,JR401,16093C 16129A 16187T 16189C 16230G 16234T 16243C 16266G 16311C 16519C 73G 146C 152C 195C 199C 247A 498d
NaJuhoansiCS004,JR396,16166C 16172C 16187T 16189C 16209C 16214T 16223T 16230G 16278T 16291G 16311C 16519C 73G 146C 152C 189G 195C 198T 207A 247A 523d 524d
NaJuhoansiCS005,JR395,16129A 16153A 16187T 16189C 16223T 16230G 16243C 16294T 16311C 16474T 16519C 73G 146C 152C 195C 207A 247A 498d
NaJuhoansiCS006,JR385,16166C 16172C 16187T 16189C 16209C 16214T 16223T 16230G 16278T 16291G 16311C 16519C 73G 146C 152C 189G 195C 198T 204C 207A 247A 523d 524d
NaJuhoansiCS007,JR368,16093C 16187T 16189C 16223T 16230G 16234T 16243C 16311C 16519C 73G 146C 152C 195C 247A 265C 456T 498d 523d 524d
NaJuhoansiCS008,JR354,16093C 16187T 16189C 16223T 16230G 16234T 16243C 16311C 16519C 73G 146C 152C 195C 247A 265C 456T 498d 523d 524d
NaJuhoansiCS009,JR337,16129A 16153A 16187T 16189C 16223T 16230G 16243C 16294T 16311C 16474T 16519C 73G 146C 152C 195C 207A 247A 498d
NaJuhoansiCS010,JR334,16167T 16187T 16189C 16223T 16230G 16234T 16242T 16243C 16311C 16519C 73G 146C 152C 195C 198T 247A 456T 498d 523d 524d
NaJuhoansiCS011,JR323,16162G 16172C 16223T 16293T 16311C 16327T 16355T 16356C 16362C 16399G 16519C 73G 146C 152C 244G 263G 391C
NaJuhoansiCS012,JR322,16129A 16153A 16187T 16189C 16223T 16230G 16243C 16294T 16311C 16474T 16519C 73G 146C 152C 195C 207A 247A 498d
NaJuhoansiCS013,JR321,16162G 16169T 16172C 16223T 16293T 16311C 16327T 16355T 16356C 16362C 16399G 16519C 73G 146C 152C 244G 263G 391C
NaJuhoansiCS014,JR305,16166C 16172C 16189C 16209C 16214T 16223T 16230G 16278T 16291G 16311C 16519C 73G 146C 152C 189G 195C 198T 204C 207A 247A 523d 524d
NaJuhoansiCS015,JR304,16166C 16172C 16189C 16209C 16214T 16223T 16230G 16278T 16291G 16311C 16519C 73G 146C 152C 189G 195C 198T 204C 207A 247A 523d 524d
NaJuhoansiCS016,JR301,16129A 16153A 16187T 16189C 16223T 16230G 16243C 16294T 16311C 16474T 16519C 73G 146C 152C 195C 207A 247A 498d
NaJuhoansiCS017,JR089,16093C 16129A 16187T 16189C 16230G 16234T 16243C 16266G 16311C 16519C 73G 146C 152C 195C 199C 247A 498d
NaJuhoansiCS018,JR087,16166C 16172C 16187T 16189C 16209C 16214T 16223T 16230G 16278T 16291G 16311C 16519C 73G 146C 152C 189G 195C 198T 204C 207A 247A 523d 524d
NaJuhoansiCS019,JR080,16129A 16187T 16189C 16223T 16239T 16243C 16294T 16311C 16519C 73G 146C 152C 195C 247A 498d 523d 524d 573.1C
NaJuhoansiCS020,JR079,16166C 16172C 16189C 16209C 16214T 16223T 16230G 16278T 16291G 16311C 16519C 73G 146C 152C 189G 195C 198T 204C 207A 247A 523d 524d
NaJuhoansiCS021,JR077,16167T 16187T 16189C 16223T 16230G 16234T 16242T 16243C 16311C 16519C 73G 146C 152C 195C 198T 247A 456T 498d 523d 524d
NaJuhoansiCS022,JR071,16166C 16172C 16187T 16189C 16209C 16214T 16223T 16230G 16278T 16291G 16311C 16519C 73G 146C 152C 189G 195C 198T 204C 207A 247A 523d 524d
NaJuhoansiCS023,JR064,16093C 16129A 16187T 16189C 16230G 16234T 16243C 16266G 16311C 16519C 73G 146C 152C 195C 199C 247A 498d
NaJuhoansiCS024,JR063,16129A 16187T 16189C 16212G 16223T 16230G 16243C 16311C 16390T 16519C 73G 125C 127C 146C 150T 152C 188G 195C 247A 498d 523d 524d 573.1C
NaJuhoansiCS025,JR060,16129A 16187T 16189C 16223T 16239T 16243C 16294T 16311C 16519C 73G 146C 152C 195C 247A 498d 523d 524d 573.1C
NaHereroCS001,JR058,16209C 16223T 16311C 16519C 73G 150T 189G 200G 263G
NaJuhoansiCS026,JR052,16187T 16189C 16223T 16230G 16234T 16243C 16244C 16294G 16311C 16354T 73G 146C 195C 247A 456T 498d 523d 524d
NaJuhoansiCS027,JR050,16166C 16172C 16187T 16189C 16209C 16214T 16223T 16230G 16278T 16291G 16311C 16519C 73G 146C 152C 189G 195C 198T 207A 247A 523d 524d
NaJuhoansiCS028,JR047,16093C 16187T 16189C 16223T 16230G 16234T 16243C 16311C 16519C 73G 146C 152C 195C 247A 265C 456T 498d 523d 524d
NaJuhoansiCS029,JR046,16129A 16187T 16189C 16212G 16223T 16230G 16243C 16311C 16390T 16519C 73G 125C 127C 146C 150T 152C 188G 195C 247A 498d 523d 524d 573.1C
NaJuhoansiCS030,JR038,16166C 16172C 16187T 16189C 16209C 16214T 16223T 16230G 16278T 16291G 16311C 16519C 73G 146C 152C 189G 195C 198T 207A 247A 523d 524d
NaJuhoansiCS031,JR037,16129A 16153A 16187T 16189C 16223T 16230G 16243C 16294T 16311C 16474T 16519C 73G 146C 152C 195C 247d 498d
NaJuhoansiCS032,JR034,16129A 16187T 16189C 16223T 16230G 16239T 16243C 16294T 16311C 16519C 73G 146C 195C 247A 498d
NaJuhoansiCS033,JR033,16093C 16129A 16187T 16189C 16214T 16230G 16234T 16243C 16266G 16311C 16519C 73G 146C 152C 195C 199C 247A 498d
NaJuhoansiCS034,JR031,16167T 16187T 16189C 16223T 16230G 16234T 16242T 16243C 16311C 16519C 73G 146C 152C 195C 198T 247A 456T 498d 523d 524d
NaJuhoansiCS035,JR030,16093C 16187T 16189C 16223T 16230G 16234T 16243C 16311C 16519C 73G 146C 152C 195C 247A 265C 456T 498d 523d 524d
NaJuhoansiCS036,JR028,16129A 16187T 16189C 16223T 16230G 16239T 16243C 16294T 16311C 16519C 73G 146C 189G 195C 247A 498d
NaJuhoansiCS037,JR026,16129A 16187T 16189C 16223T 16230G 16239T 16243C 16294T 16311C 16519C 73G 146C 195C 247A 498d
NaJuhoansiCS038,JR025,16093C 16187T 16189C 16223T 16230G 16234T 16243C 16311C 16519C 73G 146C 152C 195C 247A 265C 456T 498d 523d 524d
NaJuhoansiCS039,JR023,16129A 16153A 16187T 16189C 16223T 16230G 16243C 16294T 16311C 16474T 16519C 73G 146C 152C 195C 247d 498d
NaJuhoansiCS040,JR018,16093C 16187T 16189C 16223T 16230G 16234T 16243C 16311C 16519C 73G 146C 152C 195C 247A 265C 456T 498d 523d 524d
NaJuhoansiCS041,JR014,16129A 16153A 16187T 16189C 16223T 16230G 16243C 16294T 16311C 16474T 16519C 73G 146C 152C 195C 207A 247A 498d
NaJuhoansiCS042,JR013,16167T 16187T 16189C 16223T 16230G 16234T 16242T 16243C 16311C 16519C 73G 146C 152C 195C 198T 247A 456T 498d 523d 524d 593C
ZaAfrikanerCS003,JMS108,16129A 16187T 16189C 16223T 16230G 16243C 16311C 16519C 73G 94A 146C 195C 247A 294A 498d 523d 524d
ZaIndianCS004,JMS105,16145A 16176T 16223T 16261T 16311C 16519C 73G 263G 489C 508G
ZaEuropeanCS008,JMS098,16189C 16311C 16519C 263G 327T
ZaIndianCS005,JMS086,16126C 16181G 16209C 73G 222T 228A 263G
ZaAfrikanerCS004,JMS081,16256T 16519C 263G
ZaIndianCS006,JMS079,16124C 16223T 16319A 73G 150T 152C 263G 523d 524d
ZaIndianCS007,JMS078,16356C 150T 189G 263G 298T 337G 594T
ZaIndianCS008,JMS076,16292T 16497G 16519C 73G 152C 263G 373G
ZaIndianCS009,JMS075,16266T 16297C 16304C 16311C 16355T 16356C 16524G 73G 152C 263G 523d 524d
ZaIndianCS010,JMS074,16093C 16223T 16519C 73G 199C 263G 482C 489C
ZaIndianCS011,JMS071,16145A 16189C 16223T 16292T 16320T 16519C 73G 143A 189G 194T 195C 196C 204C 207A 263G
ZaIndianCS012,JMS070,16179d 16223T 16519C 73G 195A 263G 489C 523d 524d
ZaIndianCS013,JMS060,16051G 16154C 16206C 16230G 16311C 16519C 73G 263G
ZaAfrikanerCS005,JMS051,16129A 16519C 263G
ZaIndianCS014,JMS050,16086C 16172C 16189C 16223T 16227G 16278T 16362C 73G 263G 489C
ZaIndianCS015,JMS038,16145A 16174T 16223T 16343G 16463G 16519C 73G 263G 489C 523d 524d
ZaIndianCS016,JMS037,16292T 16497G 16519C 73G 263G 373G
ZaIndianCS017,JMS035,16126C 16223T 16519C 73G 263G 482C 489C
ZaIndianCS018,JMS034,16183G 16223T 16320T 16325C 16519C 73G 194T 195A 263G 489C 523d 524d
ZaIndianCS019,JMS032,16147T 16182.1C 16189d 16217C 16235G 16519C 73G 263G
ZaAfrikanerCS006,JMS031,16224C 16311C 16519C 73G 195C 263G 417A 497T 524.1G 524.2C
ZaIndianCS020,JMS030,16185T 16223T 16519C 73G 195A 204C 263G 489C 523d 524d
ZaEuropeanCS009,JMS025,16192T 16256T 16270T 16362C 16399G 16428A 73G 263G
ZaIndianCS021,JMS013,16242T 16292T 16497G 16519C 73G 263G 373G
ZaIndianCS022,JMS011,16212G 16223T 16266T 16318T 16519C 73G 93G 246C 263G 489C
ZaIndianCS023,JMS010,16051G 16093G 16154C 16206C 16230G 16311C 73G 263G
ZaIndianCS024,JMS006,16129A 16187T 16189C 16212G 16223T 16230G 16243C 16291T 16311C 16519C 73G 146C 152C 188G 195C 247A 498d 523d 524d 593C
ZaIndianCS025,JMS003,16153A 16223T 16292T 16519C 73G 199C 263G 489C
ZaAfrikanerCS007,JMG,16223T 16292T 16295T 16324C 16519C 73G 189G 195C 204C 207A 263G
ZaKhomaniCS056,JAC045,16129A 16187T 16189C 16212G 16223T 16230G 16243C 16311C 16390A 16519C 73G 146C 152C 195C 198T 247A 498d 523d 524d 597T
BwNaroCS002,JAC043,16129A 16187T 16189C 16212G 16223T 16230G 16243C 16311C 16390A 16519C 73G 146C 152C 195C 198T 247A 498d 523d 524d 597T
ZaKhomaniCS057,JAC035,16187T 16189C 16223T 16230G 16243C 16274A 16278T 16290T 16311C 16519C 73G 146C 150T 195C 247A 316A 523d 524d
ZaAfrikanerCS008,JAC033,16256T 16270T 16399G 73G 263G
ZaEuropeanCS010,JAC032,16311C 16519C 93G 263G
ZaAfrikanerCS009,JAC027,16311C 16519C 263G
ZaAfrikanerCS010,JAC021,73G 263G 296T 523d 524d
ZaEuropeanCS011,JAC020,16298C 16311C 72C 195C 263G
ZaAfrikanerCS011,JAC017,16356C 16519C 263G
ZaAfrikanerCS012,JAC015,16224C 16293G 16311C 16519C 73G 146C 152C 263G
ZaAfrikanerCS013,JAC011,16069T 16126C 16193T 16217C 73G 150T 152C 263G 295T 489C
ZaAfrikanerCS014,JAC010,16189C 16311C 16519C 263G 327T
ZaAfrikanerCS015,JAC001,16093C 16129A 16148T 16168T 16172C 16187T 16188G 16189C 16223T 16230G 16278T 16293G 16311C 16320T 93G 95C 152C 185A 189G 236C 247A 263G 523d 524d
NaKhweCS003,HS115B,16189C 16192T 16223T 16278T 16294T 16309G 16390A 16519C 73G 146C 152C 195C 263G
NaKhweCS004,HS112B,16071T 16129A 16145A 16187T 16189C 16213A 16223T 16234T 16265C 16278T 16286G 16294T 16311C 16360T 16365T 16527T 73G 151T 152C 182T 186A 189C 195C 198T 247A 263G 297G 316A
NaKhweCS005,HS111B,16166C 16172C 16187T 16189C 16209C 16214T 16223T 16230G 16278T 16291G 16311C 16519C 73G 146C 152C 189G 195C 198T 247A 523d 524d
NaKhweCS006,HS103,16172C 16189C 16223T 16320T 16519C 73G 150T 152C 195C 263G
NaKhweCS007,HS102B,16223T 16278T 16286T 16294T 16309G 16390A 16519C 73G 146C 152C 195C 263G
NaKhweCS008,HS101,16129A 16179T 16187T 16189C 16223T 16230G 16243C 16311C 16399G 16519C 73G 146C 152C 188G 195C 247A 498d 573.1C
NaKhweCS009,HS098,16129A 16148T 16168T 16172C 16187T 16188G 16189C 16223T 16230G 16278T 16293G 16311C 16320T 16344T 16519C 93G 95C 185A 189G 236C 247A 263G 523d 524d
AoXunCS027,HS089,16166C 16172C 16189C 16209C 16214T 16223T 16230G 16278T 16291G 16311C 16519C 73G 146C 152C 189G 195C 198T 204C 207A 247A 523d 524d
NaKhweCS010,HS086,16166C 16172C 16187T 16189C 16209C 16214T 16223T 16230G 16278T 16291G 16311C 16519C 73G 146C 152C 189G 195C 198T 247A 523d 524d
AoXunCS028,HS079,16167T 16187T 16189C 16223T 16230G 16234T 16242T 16243C 16311C 16519C 73G 146C 152C 195C 198T 247A 456T 498d 523d 524d
AoXunCS029,HS077,16166C 16172C 16187T 16189C 16209C 16214T 16223T 16230G 16278T 16291G 16311C 16519C 73G 146C 152C 189G 195C 198T 207A 247A 523d 524d
AoXunCS030,HS072,16167T 16187T 16189C 16223T 16230G 16234T 16242T 16243C 16311C 16519C 73G 146C 152C 195C 198T 247A 456T 498d 523d 524d
AoXunCS031,HS071,16129A 16187T 16189C 16230G 16234T 16243C 16264T 16266G 16311C 16519C 73G 146C 152C 195C 199C 247A 498d
AoXunCS032,HS068,16166C 16172C 16187T 16189C 16209C 16214T 16223T 16230G 16278T 16291G 16311C 16519C 73G 146C 152C 189G 195C 198T 207A 247A 523d 524d
AoXunCS033,HS065,16166C 16172C 16189C 16209C 16214T 16223T 16230G 16278T 16291G 16311C 16519C 73G 146C 152C 189G 195C 198T 204C 207A 247A 523d 524d
AoXunCS034,HS061,16114A 16129A 16153A 16213A 16223T 16278T 16311C 16362C 16390A 73G 146C 150T 152C 182T 183G 195C 198T 204C 263G 385G 418T 523d 524d
AoXunCS035,HS059,16167T 16187T 16189C 16223T 16230G 16234T 16242T 16243C 16311C 16519C 73G 146C 152C 195C 198T 247A 456T 498d 523d 524d
AoXunCS036,HS056,16167T 16187T 16189C 16223T 16230G 16234T 16242T 16243C 16311C 16519C 73G 146C 152C 195C 198T 247A 456T 498d 523d 524d
NaKhweCS011,HS052,16185T 16209C 16223T 16327T 73G 150T 152C 189G 195C 200G 207A 263G
AoXunCS037,HS047,16167T 16187T 16189C 16223T 16230G 16234T 16242T 16243C 16311C 16519C 73G 146C 152C 195C 198T 247A 456T 498d 523d 524d
AoXunCS038,HS046,16166C 16172C 16187T 16189C 16209C 16214T 16223T 16230G 16278T 16291G 16311C 16519C 73G 146C 152C 189G 195C 198T 207A 247A 523d 524d
AoXunCS039,HS039,16166C 16172C 16187T 16189C 16209C 16214T 16223T 16230G 16278T 16291G 16311C 16519C 73G 146C 152C 189G 195C 198T 207A 247A 523d 524d
AoXunCS040,HS038,16167T 16187T 16189C 16223T 16230G 16234T 16242T 16243C 16311C 16519C 73G 146C 152C 195C 198T 247A 456T 498d 523d 524d
AoXunCS041,HS036,16167T 16187T 16189C 16223T 16230G 16234T 16242T 16243C 16311C 16519C 73G 146C 152C 195C 198T 247A 456T 498d 523d 524d
AoXunCS042,HS034,16129A 16153A 16187T 16189C 16223T 16230G 16243C 16294T 16311C 16474T 16519C 73G 146C 152C 195C 247A 456T 498d
AoXunCS043,HS031,16189C 16192T 16223T 16278T 16294T 16309G 16390A 16519C 73G 146C 152C 195C 263G
AoXunCS044,HS029,16167T 16187T 16189C 16223T 16230G 16234T 16242T 16243C 16311C 16519C 73G 146C 152C 195C 198T 247A 456T 498d 523d 524d
AoXunCS045,HS026,16166C 16172C 16189C 16209C 16214T 16223T 16230G 16278T 16291G 16311C 16519C 73G 146C 152C 189G 195C 198T 204C 207A 247A 523d 524d
AoXunCS046,HS022,16129A 16187T 16189C 16223T 16230G 16239T 16243C 16294T 16311C 16519C 73G 146C 152C 195C 247A 498d
NaKhweCS012,HS018,16189C 16192T 16223T 16278T 16294T 16309G 16390A 16519C 73G 146C 152C 195C 263G
NaKhweCS013,HS016,16129A 16179T 16187T 16189C 16223T 16230G 16243C 16311C 16399G 16519C 73G 146C 152C 188G 195C 247A 498d 573.1C
NaKhweCS014,HS014,16189C 16192T 16223T 16278T 16294T 16309G 16390A 16519C 73G 146C 152C 195C 263G
AoXunCS047,HS013,16166C 16172C 16187T 16189C 16209C 16214T 16223T 16230G 16278T 16291G 16311C 16519C 73G 146C 152C 189G 195C 198T 207A 247A 523d 524d
NaKhweCS015,HS009,16185T 16209C 16223T 16327T 73G 150T 152C 189G 195C 200G 207A 263G
NaKhweCS016,HS008,16185T 16209C 16223T 16327T 73G 150T 152C 189G 195C 200G 207A 263G
NaKhweCS017,HS007,16166C 16172C 16187T 16189C 16209C 16214T 16223T 16230G 16278T 16291G 16311C 16519C 73G 146C 152C 189G 195C 198T 247A 523d 524d
NaKhweCS018,HS006,16166C 16172C 16187T 16189C 16209C 16214T 16223T 16230G 16278T 16291G 16311C 16519C 73G 146C 152C 189G 195C 198T 247A 523d 524d
AoXunCS048,HS005,16129A 16179T 16187T 16189C 16223T 16230G 16243C 16311C 16519C 73G 146C 189G 195C 199C 247A 498d 523d 524d
AoXunCS049,HS003,16167T 16187T 16189C 16223T 16230G 16234T 16242T 16243C 16311C 16519C 73G 146C 152C 195C 198T 247A 456T 498d 523d 524d
NaHereroCS002,He195,16124C 16183C 16189C 16223T 16278T 16304C 16311C 73G 152C 263G 523d 524d
NaHereroCS003,He185,16124C 16183C 16189C 16223T 16278T 16304C 16311C 73G 152C 263G 523d 524d
NaHereroCS004,He184,16129A 16172C 16174T 16218T 16223T 16256A 16311C 16325C 16362C 16519C 73G 151T 152C 189C 195C 263G 294C 523d 524d
NaHereroCS005,He183,16124C 16183C 16189C 16223T 16278T 16304C 16311C 73G 152C 263G 523d 524d
NaHereroCS006,He179,16129A 16187T 16189C 16192T 16223T 16239T 16243C 16294T 16311C 16519C 73G 146C 152C 195C 247A 498d 523d 524d 573.1C
NaHereroCS007,He168,16124C 16183C 16189C 16223T 16278T 16304C 16311C 73G 152C 263G 523d 524d
NaHereroCS008,He159,16124C 16183C 16189C 16223T 16278T 16304C 16311C 73G 152C 263G 523d 524d
NaHereroCS009,He156,16124C 16183C 16189C 16223T 16278T 16304C 16311C 73G 152C 263G 523d 524d 573.1C
NaHereroCS010,He151,16185T 16209C 16223T 16327T 73G 150T 152C 189G 195C 200G 207A 263G
NaHereroCS011,He150,16129A 16183C 16189C 16215G 16223T 16278T 16294T 16311C 16360T 16368C 16519C 73G 152C 182T 186A 189C 247A 263G 316A 523d 524d
NaHereroCS012,He149,16124C 16183C 16189C 16223T 16278T 16304C 16311C 73G 152C 263G 523d 524d
NaHereroCS013,He148,16124C 16183C 16189C 16223T 16278T 16304C 16311C 73G 152C 263G 523d 524d
NaHereroCS014,He147,16124C 16183C 16189C 16223T 16278T 16304C 16311C 73G 152C 263G 523d 524d
NaHereroCS015,He146,16209C 16223T 16311C 16519C 73G 150T 189G 200G 263G
ZaAfrikanerCS016,CMS,16311C 16519C 263G
ZaKarretjieCS001,CL139,16129A 16187T 16189C 16212G 16223T 16230G 16243C 16311C 16390A 16519C 73G 146C 152C 195C 198T 247A 456T 498d 597T
ZaKarooColouredCS001,CL138,16114A 16129A 16213A 16223T 16274A 16278T 16390A 73G 146C 150T 152C 182T 183G 195C 198T 204C 263G
ZaKarooColouredCS002,CL137,16148T 16172C 16187T 16188A 16189C 16223T 16230G 16311C 16320T 16390A 16519C 64T 93G 152C 195C 236C 247A 263G 455.1T
ZaKarooColouredCS003,CL136,16129A 16187T 16189C 16192T 16223T 16239T 16243C 16294T 16311C 16519C 73G 146C 152C 195C 247A 498d 523d 524d 573.1C
ZaKarooColouredCS004,CL135,16148T 16172C 16187T 16188A 16189C 16223T 16230G 16311C 16320T 16390A 16519C 64T 93G 152C 195C 236C 247A 263G 455.1T
ZaKarooColouredCS005,CL132,16124C 16223T 16319A 73G 150T 152C 263G 523d 524d
ZaKarooColouredCS006,CL131,16187T 16189C 16212G 16223T 16230G 16243C 16311C 16390A 16519C 73G 146C 152C 195C 198T 247A 498d 523d 524d 597T
ZaKarooColouredCS007,CL130,16189C 16223T 16278T 16294T 16309G 16390A 16519C 73G 146C 152C 195C 263G
ZaKarooColouredCS008,CL129,16129A 16187T 16189C 16212G 16223T 16230G 16243C 16311C 16390A 16519C 73G 146C 152C 195C 198T 247A 498d 523d 524d 597T
ZaKarooColouredCS009,CL128,16187T 16189C 16214T 16223T 16230G 16243C 16274A 16278T 16290T 16300G 16311C 16519C 73G 146C 150T 195C 247A 316A
ZaKarooColouredCS010,CL127,16129A 16187T 16189C 16212G 16223T 16230G 16243C 16311C 16390A 16519C 73G 146C 152C 195C 198T 247A 498d 523d 524d 597T
ZaKarooColouredCS011,CL125,16223T 16278T 16286T 16294T 16309G 16390A 16519C 73G 146C 152C 195C 263G
ZaKarretjieCS002,CL124,16129A 16187T 16189C 16212G 16223T 16230G 16243C 16311C 16390A 16519C 73G 146C 152C 195C 198T 247A 498d 515G 523d 524d 597T
ZaKarretjieCS003,CL123,16187T 16189C 16223T 16230G 16243C 16266T 16274A 16278T 16290T 16300G 16311C 16519C 73G 146C 150T 195C 247A 316A
ZaKarretjieCS004,CL122,16129A 16187T 16189C 16212G 16223T 16230G 16243C 16311C 16390A 16519C 73G 146C 152C 195C 247A 498d 523d 524d 597T
ZaKarooColouredCS012,CL121,16051G 16209C 16239T 16352C 16353T 73G 146C 152C 234G 263G
ZaKarretjieCS005,CL120,16129A 16187T 16189C 16212G 16223T 16230G 16243C 16311C 16390A 16519C 73G 146C 152C 195C 198T 247A 498d 515G 523d 524d 597T
ZaKarretjieCS006,CL119,16129A 16187T 16189C 16218T 16223T 16227G 16239T 16243C 16294T 16311C 16519C 73G 146C 152C 195C 247A 498d 523d 524d 573.1C
ZaKarretjieCS007,CL117,16129A 16187T 16189C 16212G 16223T 16230G 16243C 16311C 16390A 16519C 73G 146C 152C 195C 198T 247A 498d 597T
ZaKarretjieCS008,CL115,16182C 16183C 16189C 16212G 16223T 16230G 16243C 16311C 16390A 16519C 73G 146C 152C 195C 198T 247A 463T 498d 523d 524d 597T
ZaKarretjieCS009,CL114,16129A 16187T 16189C 16212G 16223T 16230G 16243C 16311C 16390A 16519C 73G 146C 152C 195C 198T 247A 498d 523d 524d 597T
ZaKarretjieCS010,CL113,16129A 16187T 16189C 16212G 16223T 16230G 16243C 16311C 16390A 16519C 73G 146C 152C 195C 198T 247A 498d 523d 524d 597T
ZaKarretjieCS011,CL112,16187T 16189C 16223T 16230G 16243C 16266T 16274A 16278T 16290T 16300G 16311C 16519C 73G 146C 150T 195C 247A 316A
ZaKarretjieCS012,CL111,16129A 16187T 16189C 16212G 16223T 16230G 16243C 16311C 16390A 16519C 73G 146C 152C 195C 198T 247A 498d 515G 523d 524d 597T
ZaKarooColouredCS013,CL108,16187T 16189C 16223T 16230G 16243C 16274A 16278T 16290T 16300G 16311C 16519C 73G 146C 150T 195C 247A 316A
ZaKarretjieCS013,CL107,16129A 16187T 16189C 16212G 16223T 16230G 16243C 16311C 16390A 16519C 73G 146C 152C 195C 198T 247A 498d 523d 524d 597T
ZaKarretjieCS014,CL106,16086C 16111T 16129A 16187T 16189C 16230G 16234T 16243C 16266G 16294T 16311C 16519C 73G 146C 189G 247A 498d 573.1C
ZaKarretjieCS015,CL105,16129A 16187T 16189C 16223T 16230G 16239T 16243C 16294T 16311C 16519C 73G 146C 152C 195C 247A 498d
ZaKarooColouredCS014,CL103,16129A 16187T 16189C 16230G 16234T 16243C 16266A 16311C 16519C 73G 146C 152C 199C 247A 498d 524.1A 524.2C
ZaKarooColouredCS015,CL102,16223T 16263C 16274A 16311C 16318C 16343G 16357C 16519C 73G 152C 263G
ZaKarooColouredCS016,CL101,16129A 16187T 16189C 16223T 16230G 16239T 16243C 16294T 16311C 16519C 73G 146C 152C 195C 247A 498d
ZaKarooColouredCS017,CL099,16129A 16187T 16189C 16223T 16239T 16243C 16271C 16292T 16294T 16311C 16519C 73G 146C 152C 195C 247A 498d 523d 524d 573.1C
ZaKarooColouredCS018,CL098,16129A 16187T 16189C 16212G 16223T 16230G 16243C 16311C 16390A 16519C 73G 146C 152C 195C 198T 247A 498d 523d 524d 597T
ZaKarooColouredCS019,CL097,16129A 16187T 16189C 16209C 16230G 16234T 16243C 16266A 16311C 16519C 73G 146C 153G 189G 195C 199C 247A 498d
ZaXhosaCS001,CL096,16188T 16223T 16239T 16325d 73G 150T 185A 189G 263G
ZaKarooColouredCS020,CL095,16129A 16140C 16187T 16189C 16223T 16239T 16243C 16294T 16311C 16519C 73G 146C 152C 195C 247A 498d 523d 524d 573.1C
ZaKarooColouredCS021,CL094,16187T 16189C 16223T 16230G 16234T 16243C 16249C 16311C 16519C 73G 146C 152C 195C 247A 456T 498d
ZaKarooColouredCS022,CL093,16148T 16172C 16187T 16188G 16189C 16223T 16230G 16311C 16320T 16519C 64T 93G 150T 152C 189G 204C 207A 236C 247A 263G 523d 524d
ZaKarooColouredCS023,CL092,16129A 16187T 16189C 16230G 16234T 16243C 16266A 16311C 16519C 73G 146C 195C 199C 247A 318C 498d
ZaKarooColouredCS024,CL091,16093C 16129A 16187T 16189C 16212G 16223T 16230G 16243C 16311C 16390A 16519C 73G 146C 152C 195C 198T 247A 498d 523d 524d 597T
ZaKarooColouredCS025,CL090,16129A 16187T 16189C 16223T 16230G 16243C 16311C 16519C 73G 94A 146C 195C 247A 294A 498d 523d 524d
ZaKarooColouredCS026,CL089,16187T 16189C 16223T 16239T 16243C 16294T 16311C 16519C 73G 146C 152C 195C 247A 498d 523d 524d 573.1C
ZaKarooColouredCS027,CL088,16223T 16278T 16286T 16294T 16309G 16390A 16519C 73G 146C 152C 195C 263G
ZaKarooColouredCS028,CL087,16187T 16189C 16223T 16230G 16243C 16266T 16274A 16278T 16290T 16300G 16311C 16519C 73G 146C 150T 195C 247A 316A
ZaKarooColouredCS029,CL086,16129A 16187T 16189C 16212G 16223T 16230G 16243C 16311C 16390A 16519C 73G 146C 152C 195C 198T 247A 498d 523d 524d 597T
ZaKarooColouredCS030,CL085,16182C 16183C 16189C 16223T 16278T 16290T 16294T 16309G 16390A 73G 146C 152C 195C 263G
ZaXhosaCS002,CL084,16124C 16223T 16319A 73G 150T 152C 263G 523d 524d
ZaKarooColouredCS031,CL083,16129A 16187T 16189C 16223T 16230G 16239T 16243C 16294T 16311C 16519C 73G 146C 152C 195C 247A 498d
ZaXhosaCS003,CL082,16223T 16264T 16265G 16278T 16311C 16390A 16527T 73G 93G 146C 150T 152C 182T 183G 195C 198T 263G 325T 523d 524d
ZaXhosaCS004,CL081,16124C 16223T 16319A 73G 150T 152C 263G 523d 524d
ZaKarooColouredCS032,CL080,16187T 16189C 16223T 16230G 16243C 16266T 16274A 16278T 16290T 16300G 16311C 16519C 73G 146C 150T 195C 247A 316A
ZaKarooColouredCS033,CL079,16129A 16187T 16189C 16223T 16230G 16243C 16311C 16519C 73G 94A 140T 146C 195C 247A 294A 498d 523d 524d
ZaKarooColouredCS034,CL078,16129A 16172C 16187T 16189C 16212G 16223T 16230G 16243C 16311C 16390A 16519C 73G 146C 152C 195C 198T 247A 498d 523d 524d 597T
ZaKarooColouredCS035,CL077,16172C 16187T 16189C 16223T 16230G 16243C 16266T 16274A 16278T 16290T 16300G 16311C 16519C 73G 146C 150T 195C 247A 316A
ZaKarooColouredCS036,CL076,16093C 16129A 16187T 16189C 16212G 16223T 16230G 16243C 16311C 16390A 16519C 73G 146C 152C 195C 198T 247A 498d 523d 524d 597T
ZaKarooColouredCS037,CL075,16129A 16146G 16187T 16189C 16230G 16234T 16243C 16245T 16266A 16311C 16519C 73G 146C 195C 199C 247A 498d 524.1A 524.2C
ZaKarooColouredCS038,CL074,16223T 16239T 16325d 73G 150T 185A 189G 263G
ZaKarooColouredCS039,CL072,16114A 16129A 16213A 16223T 16278T 16355T 16390A 73G 150T 152C 182T 195C 198T 204C 263G 418T 523d 524d
ZaKarooColouredCS040,CL071,16129A 16187T 16189C 16212G 16223T 16230G 16243C 16311C 16390A 16519C 73G 146C 152C 195C 198T 247A 498d 523d 524d 597T
ZaKarooColouredCS041,CL070,16069T 16126C 16129A 16169T 16182C 16183d 16193.1C 16212G 16223T 16230G 16243C 16258C 16291T 16311C 16519C 73G 146C 195C 247A 265C 498d 523d 524d 573.1C
ZaKarooColouredCS042,CL069,16129A 16187T 16189C 16212G 16223T 16230G 16243C 16311C 16390A 16519C 73G 146C 152C 195C 198T 247A 498d 515G 523d 524d 597T
ZaKarooColouredCS043,CL068,16129A 16187T 16189C 16223T 16230G 16239T 16243C 16294T 16311C 16519C 73G 146C 152C 195C 247A 498d
ZaKarooColouredCS044,CL067,16129A 16187T 16189C 16230G 16234T 16243C 16266A 16311C 16519C 73G 146C 199C 247A 498d
ZaKarooColouredCS045,CL065,16129A 16187T 16189C 16209C 16230G 16234T 16243C 16266A 16311C 16519C 73G 146C 153G 195C 199C 247A 498d
ZaKarooColouredCS046,CL064,16182C 16183C 16189C 16223T 16278T 16290T 16294T 16309G 16390A 73G 146C 152C 195C 263G 498d 523d 524d 597T
ZaKarooColouredCS047,CL062,16069T 16126C 16129A 16169T 16182C 16183d 16193.1C 16212G 16223T 16230G 16243C 16258C 16291T 16311C 16519C 73G 146C 195C 247A 265C 498d 523d 524d 573.1C
ZaKarooColouredCS048,CL061,16129A 16148T 16168T 16172C 16187T 16188G 16189C 16223T 16230G 16278T 16293G 16311C 16320T 89C 93G 95C 185A 189G 236C 247A 263G 523d 524d
ZaKarooColouredCS049,CL059,16129A 16187T 16189C 16223T 16230G 16239T 16243C 16266T 16294T 16311C 16519C 73G 146C 152C 195C 247A 498d
ZaKarooColouredCS050,CL058,16126C 16187T 16189C 16223T 16264T 16270T 16278T 16311C 16519C 73G 152C 182T 185T 195C 247A 263G 357G 523d 524d
ZaKarooColouredCS051,CL057,16223T 16278T 16286T 16294T 16309G 16390A 16519C 73G 146C 152C 195C 263G
ZaKarooColouredCS052,CL056,16129A 16148T 16168T 16172C 16187T 16188G 16189C 16223T 16230G 16278T 16293G 16311C 16320T 93G 95C 152C 185A 189G 236C 247A 263G 523d 524d
ZaKarooColouredCS053,CL055,16129A 16187T 16189C 16212G 16223T 16230G 16243C 16311C 16390A 16519C 73G 146C 152C 195C 198T 247A 498d 523d 524d 597T
ZaKarooColouredCS054,CL054,16129A 16187T 16189C 16212G 16223T 16230G 16243C 16311C 16390A 16519C 73G 146C 152C 195C 198T 247A 498d 523d 524d 597T
ZaKarooColouredCS055,CL052,16129A 16187T 16189C 16212G 16223T 16230G 16243C 16311C 16390A 16519C 73G 146C 152C 195C 198T 247A 498d 597T
ZaKarooColouredCS056,CL050,16182C 16183C 16189C 16223T 16278T 16290T 16294T 16309G 16390A 16519C 73G 146C 152C 195C 263G
ZaAfrikanerCS017,CL049,16124C 16223T 16278T 16362C 73G 185A 189G 249d 263G 523d 524d
ZaKarooColouredCS057,CL048,16220C 16265G 16298C 16362C 73G 150T 152C 200G 249d 263G
ZaKarooColouredCS058,CL047,16223T 16270T 16319A 16352C 16519C 73G 195C 204C 207A 263G 447G 489C
ZaKarooColouredCS059,CL046,16187T 16189C 16223T 16230G 16243C 16266T 16274A 16278T 16290T 16300G 16311C 16519C 73G 146C 150T 195C 247A 316A
ZaKarooColouredCS060,CL045,16129A 16187T 16189C 16223T 16230G 16239T 16243C 16294T 16311C 16519C 73G 146C 152C 247A 498d
ZaKarooColouredCS061,CL044,16129A 16187T 16189C 16212G 16223T 16230G 16243C 16311C 16390A 16519C 73G 146C 152C 195C 198T 247A 498d 523d 524d 597T
ZaKarooColouredCS062,CL043,16223T 16263C 16274A 16311C 16318C 16343G 16357C 16519C 73G 152C 263G
ZaKarooColouredCS063,CL042,16129A 16146G 16187T 16189C 16230G 16234T 16243C 16245T 16266A 16311C 16519C 73G 146C 195C 199C 247A 498d 524.1A 524.2C
ZaKarooColouredCS064,CL041,16129A 16187T 16189C 16212G 16223T 16230G 16243C 16311C 16390A 16519C 73G 146C 152C 195C 198T 247A 498d 523d 524d 597T
ZaKarooColouredCS065,CL040,16129A 16187T 16189C 16212G 16223T 16230G 16243C 16311C 16390A 16519C 73G 146C 152C 195C 198T 247d 498d 523d 524d 597T
ZaAfrikanerCS018,CL038,16311C 16519C 263G
ZaKarooColouredCS066,CL037,16182C 16183C 16189C 16223T 16266T 16278T 16290T 16294T 16309G 16390A 73G 146C 152C 195C 263G
ZaKarooColouredCS067,CL036,16129A 16187T 16189C 16223T 16230G 16239T 16243C 16294T 16311C 16519C 73G 146C 152C 195C 247A 498d
ZaKarooColouredCS068,CL035,16184T 16223T 16234G 16519C 73G 195C 198T 204C 263G 489C
ZaKarooColouredCS069,CL034,16187T 16189C 16223T 16230G 16243C 16266T 16274A 16278T 16290T 16300G 16311C 16519C 73G 146C 150T 195C 247A 316A
ZaKarooColouredCS070,CL033,16223T 16278T 16286T 16294T 16309G 16390A 16519C 73G 146C 152C 195C 263G
ZaKarooColouredCS071,CL032,16129A 16187T 16189C 16230G 16234T 16243C 16266A 16311C 16519C 73G 146C 195C 199C 247A 498d
ZaKarooColouredCS072,CL031,16129A 16148T 16168T 16172C 16187T 16188G 16189C 16223T 16230G 16278T 16293C 16311C 16320T 93G 95C 185A 189G 236C 247A 263G 523d 524d
ZaKarooColouredCS073,CL030,16182C 16183C 16189C 16223T 16278T 16290T 16294T 16309G 16390A 73G 146C 152C 195C 263G
ZaKarooColouredCS074,CL029,16129A 16187T 16189C 16209C 16230G 16234T 16243C 16266A 16311C 16519C 73G 146C 153G 199C 247A 498d
ZaKarooColouredCS075,CL028,16129A 16187T 16189C 16223T 16230G 16239T 16243C 16294T 16311C 16519C 73G 146C 152C 195C 247A 498d
ZaXhosaCS005,CL027,16129A 16187T 16189C 16230G 16234T 16243C 16266A 16301T 16311C 16519C 73G 146C 195C 247A 498d
ZaKarooColouredCS076,CL026,16129A 16187T 16189C 16230G 16234T 16243C 16266A 16311C 16519C 73G 146C 195C 199C 247A 498d
ZaKarooColouredCS077,CL025,16187T 16189C 16223T 16230G 16243C 16274A 16278T 16290T 16300G 16311C 16519C 73G 146C 150T 195C 247A 316A
ZaKarretjieCS016,CL024,16129A 16187T 16189C 16223T 16230G 16239T 16243C 16294T 16311C 16519C 73G 146C 152C 195C 198T 247A 498d
ZaKarretjieCS017,CL023,16129A 16187T 16189C 16223T 16230G 16239T 16243C 16294T 16311C 16519C 73G 146C 152C 195C 247A 498d
ZaKarretjieCS018,CL021,16129A 16187T 16189C 16212G 16223T 16230G 16243C 16311C 16390A 16519C 73G 146C 152C 195C 198T 247A 498d 523d 524d 597T
ZaKarretjieCS019,CL019,16129A 16187T 16189C 16212G 16223T 16230G 16243C 16311C 16390A 16519C 73G 146C 152C 195C 198T 247A 498d 515G 523d 524d 597T
ZaKarretjieCS020,CL018,16129A 16140C 16187T 16189C 16223T 16239T 16243C 16294T 16311C 16519C 73G 146C 152C 195C 247A 498d 523d 524d 573.1C
ZaKarretjieCS021,CL016,16129A 16187T 16188T 16189C 16212G 16223T 16230G 16243C 16311C 16390A 16519C 73G 146C 152C 195C 198T 247A 498d 523d 524d 597T
ZaKarretjieCS022,CL015,16187T 16189C 16223T 16230G 16243C 16266T 16274A 16278T 16290T 16300G 16311C 16519C 73G 146C 150T 195C 247A 316A
ZaKarretjieCS023,CL014,16129A 16187T 16189C 16212G 16223T 16230G 16243C 16311C 16390A 16519C 73G 146C 152C 195C 198T 247A 498d 597T
ZaKarretjieCS024,CL013,16129A 16187T 16189C 16212G 16223T 16230G 16243C 16311C 16390A 16519C 73G 146C 152C 195C 198T 247A 498d 523d 524d 597T
ZaKarretjieCS025,CL011,16129A 16187T 16189C 16230G 16234T 16243C 16266A 16311C 16519C 73G 146C 152C 199C 247A 498d 524.1A 524.2C
ZaKarretjieCS026,CL010,16129A 16187T 16189C 16218T 16223T 16227G 16239T 16243C 16294T 16311C 16519C 73G 146C 152C 195C 247A 498d 523d 524d 573.1C
ZaKarretjieCS027,CL005,16129A 16187T 16189C 16212G 16223T 16230G 16243C 16311C 16390A 16519C 73G 146C 152C 195C 198T 247A 498d 523d 524d 597T
ZaKarretjieCS028,CL004,16187T 16189C 16223T 16230G 16243C 16266T 16274A 16278T 16290T 16300G 16311C 16519C 73G 146C 150T 195C 247A 316A
ZaKarretjieCS029,CL003,16129A 16187T 16189C 16212G 16223T 16230G 16243C 16311C 16390A 16519C 73G 146C 152C 195C 198T 247A 498d 523d 524d 597T
ZaKarretjieCS030,CL001,16129A 16187T 16189C 16212G 16223T 16230G 16243C 16311C 16390A 16519C 73G 146C 152C 195C 198T 247A 498d 523d 524d 597T
ZaAfrikanerCS019,CJE,16086C 16147A 16223T 16248T 16320T 16355T 16519C 73G 152C 199C 204C 207A 263G 573.1C
ZaXegwiCS001,CHR13,16129A 16189C 16212G 16223T 16230G 16243C 16311C 16390A 16519C 73G 146C 152C 195C 198T 247A 498d 523d 524d 597T
ZaXegwiCS002,CHR12,16129A 16148T 16168T 16172C 16187T 16188G 16189C 16223T 16230G 16278T 16293G 16311C 16320T 93G 95C 185A 189G 236C 247A 263G 523d 524d
ZaAfrikanerCS020,CHR11,16093C 16129A 16148T 16168T 16172C 16187T 16188G 16189C 16223T 16230G 16278T 16293G 16311C 16320T 93G 95C 152C 185A 189G 236C 247A 263G 523d 524d
ZaSwaziCS001,CHR08,16129A 16187T 16189C 16223T 16230G 16239T 16243C 16294T 16311C 16519C 73G 146C 152C 195C 247A 498d
ZaSwaziCS002,CHR07,16172C 16183C 16189C 16223T 16320T 16519C 73G 150T 195C 263G
ZaSwaziCS003,CHR06,16129A 16189C 16212G 16223T 16230G 16243C 16311C 16390A 16519C 73G 146C 152C 195C 198T 247A 498d 523d 524d 597T
ZaSwaziCS004,CHR05,16223T 16239T 16325d 73G 150T 185A 189G 263G
ZaXegwiCS003,CHR04,16093C 16129A 16187T 16189C 16223T 16230G 16239T 16243C 16294T 16311C 16325C 16519C 73G 146C 152C 195C 247A 498d
ZaSwaziCS005,CHR02,16223T 16265T 16519C 73G 150T 195C 263G 523d 524d 573.1C
ZaCapeColouredCS001,CC28,16129A 16148T 16168T 16172C 16187T 16188G 16189C 16223T 16230G 16278T 16293G 16311C 16320T 93G 95C 185A 189G 236C 247A 263G 523d 524d
ZaCapeColouredCS002,CC27,16189C 16223T 16278T 16294T 16309G 16390A 16519C 73G 146C 152C 195C 263G
ZaCapeColouredCS003,CC26,16129A 16187T 16189C 16192T 16223T 16239T 16243C 16294T 16311C 16519C 73G 146C 152C 195C 247A 498d 523d 524d 573.1C
ZaCapeColouredCS004,CC25,16126C 16223T 16290T 16519C 73G 263G 489C
ZaCapeColouredCS005,CC24,16129A 16187T 16189C 16212G 16223T 16230G 16243C 16311C 16390A 16519C 73G 146C 152C 195C 198T 247A 498d 523d 524d 597T
ZaCapeColouredCS006,CC23,16223T 16291T 16362C 16390A 16519C 73G 119C 121A 263G 489C
ZaCapeColouredCS007,CC22,16129A 16187T 16189C 16212G 16223T 16230G 16243C 16311C 16390A 16519C 73G 146C 152C 195C 198T 247A 498d 523d 524d 597T
ZaCapeColouredCS008,CC21,16129A 16187T 16189C 16223T 16230G 16239T 16243C 16294T 16311C 16519C 73G 146C 152C 195C 247A 498d
ZaCapeColouredCS009,CC20,16129A 16187T 16189C 16212G 16223T 16230G 16243C 16311C 16390A 16519C 73G 146C 152C 195C 198T 247A 498d 597T
ZaCapeColouredCS010,CC19,16223T 16259T 16288C 16292T 16519C 73G 152C 189G 195C 204C 207A 263G
ZaCapeColouredCS011,CC18,16129A 16187T 16189C 16223T 16230G 16239T 16243C 16294T 16311C 16519C 73G 146C 152C 195C 247A 498d
ZaCapeColouredCS012,CC17,16311C 16390A 16519C 73G 146C 195C 263G
ZaCapeColouredCS013,CC16,16223T 16327T 73G 150T 189G 200G 263G
ZaCapeColouredCS014,CC15,16129A 16148T 16168T 16172C 16187T 16188G 16189C 16223T 16230G 16278T 16293G 16311C 16320T 93G 95C 185A 189G 236C 247A 263G 523d 524d
ZaCapeColouredCS015,CC14,16223T 16265C 16519C 73G 150T 195C 263G 523d 524d 573.1C
ZaCapeColouredCS016,CC13,16108T 16129A 16187T 16189C 16260T 16265C 16278T 16286A 16294T 16311C 16360T 16519C 16527T 73G 151T 152C 182T 186A 189C 195C 198T 247A 263G 297G 316A
ZaCapeColouredCS017,CC12,16129A 16187T 16189C 16223T 16230G 16243C 16311C 16519C 73G 94A 146C 195C 247A 294A 498d 523d 524d
ZaCapeColouredCS018,CC11,16129A 16187T 16189C 16218T 16223T 16239T 16243C 16294T 16311C 16519C 73G 146C 152C 195C 247A 498d 523d 524d 573.1C
ZaCapeColouredCS019,CC10,16148T 16172C 16187T 16188G 16189C 16223T 16230G 16311C 16320T 16519C 64T 93G 152C 189G 204C 207A 236C 247A 263G 523d 524d
ZaCapeColouredCS020,CC09,16129A 16187T 16189C 16223T 16230G 16239T 16243C 16294T 16311C 16519C 73G 146C 152C 195C 247A 498d
ZaAfrikanerCS021,BDP22,16223T 16295T 16362C 16519C 73G 146C 199C 263G 489C
